# Data from SSDC cosmic rays database www.ssdc.asi.it 
# File generated today 20190225 
# Errors may contain statistic and systematic depending on the options set when drawing the graph 
# Fluxes are multiplied by a power of Energy (or Rigidity) if the option is set when drawing the graph 
# Horizontal errors usually are not uncertanties of the measurement but correspond to binning. See publication. 
#
# GraphTitle: Be/C AMS-02 PRL (2018); 2011-05-19 00:00:00.0,2016-05-26 00:00:00.0; 
# XLabel: kinetic energy (GeV/n) 
# YLabel: fluxratio 
#
# Columns: X, XErrorLow, XErrorHigh, Y, YErrorLow, YErrorHigh 
4.444000e-01  0.000000e+00 0.000000e+00  9.364700e-02  3.115800e-03 3.115800e-03 
5.347000e-01  0.000000e+00 0.000000e+00  9.304100e-02  2.684900e-03 2.684900e-03 
6.370000e-01  0.000000e+00 0.000000e+00  9.106700e-02  2.522400e-03 2.522400e-03 
7.534000e-01  0.000000e+00 0.000000e+00  9.449700e-02  2.525600e-03 2.525600e-03 
8.844000e-01  0.000000e+00 0.000000e+00  1.002800e-01  2.597800e-03 2.597800e-03 
1.030000e+00  0.000000e+00 0.000000e+00  1.020800e-01  2.587300e-03 2.587300e-03 
1.192000e+00  0.000000e+00 0.000000e+00  1.047000e-01  2.606000e-03 2.606000e-03 
1.371000e+00  0.000000e+00 0.000000e+00  1.044000e-01  2.566300e-03 2.566300e-03 
1.568000e+00  0.000000e+00 0.000000e+00  1.046400e-01  2.539600e-03 2.539600e-03 
1.787000e+00  0.000000e+00 0.000000e+00  1.047300e-01  2.515000e-03 2.515000e-03 
2.028000e+00  0.000000e+00 0.000000e+00  1.034700e-01  2.473200e-03 2.473200e-03 
2.290000e+00  0.000000e+00 0.000000e+00  1.027900e-01  2.446100e-03 2.446100e-03 
2.575000e+00  0.000000e+00 0.000000e+00  1.015200e-01  2.409100e-03 2.409100e-03 
2.887000e+00  0.000000e+00 0.000000e+00  1.002900e-01  2.376000e-03 2.376000e-03 
3.224000e+00  0.000000e+00 0.000000e+00  9.723700e-02  2.309600e-03 2.309600e-03 
3.590000e+00  0.000000e+00 0.000000e+00  9.722600e-02  2.306000e-03 2.306000e-03 
3.987000e+00  0.000000e+00 0.000000e+00  9.650700e-02  2.291400e-03 2.291400e-03 
4.414000e+00  0.000000e+00 0.000000e+00  9.493800e-02  2.262900e-03 2.262900e-03 
4.882000e+00  0.000000e+00 0.000000e+00  9.231600e-02  2.212700e-03 2.212700e-03 
5.376000e+00  0.000000e+00 0.000000e+00  9.277500e-02  2.232600e-03 2.232600e-03 
5.895000e+00  0.000000e+00 0.000000e+00  9.060700e-02  2.193500e-03 2.193500e-03 
6.465000e+00  0.000000e+00 0.000000e+00  8.877700e-02  2.162800e-03 2.162800e-03 
7.085000e+00  0.000000e+00 0.000000e+00  8.700500e-02  2.134700e-03 2.134700e-03 
7.755000e+00  0.000000e+00 0.000000e+00  8.708300e-02  2.145100e-03 2.145100e-03 
8.476000e+00  0.000000e+00 0.000000e+00  8.372500e-02  2.087100e-03 2.087100e-03 
9.247000e+00  0.000000e+00 0.000000e+00  8.243300e-02  2.068000e-03 2.068000e-03 
1.007000e+01  0.000000e+00 0.000000e+00  8.146600e-02  2.056400e-03 2.056400e-03 
1.096000e+01  0.000000e+00 0.000000e+00  7.864600e-02  2.001200e-03 2.001200e-03 
1.194000e+01  0.000000e+00 0.000000e+00  7.589400e-02  1.958200e-03 1.958200e-03 
1.296000e+01  0.000000e+00 0.000000e+00  7.470800e-02  1.949300e-03 1.949300e-03 
1.405000e+01  0.000000e+00 0.000000e+00  7.384600e-02  1.944700e-03 1.944700e-03 
1.523000e+01  0.000000e+00 0.000000e+00  7.324800e-02  1.958700e-03 1.958700e-03 
1.647000e+01  0.000000e+00 0.000000e+00  7.041400e-02  1.920800e-03 1.920800e-03 
1.782000e+01  0.000000e+00 0.000000e+00  6.911800e-02  1.921900e-03 1.921900e-03 
1.927000e+01  0.000000e+00 0.000000e+00  6.712400e-02  1.912000e-03 1.912000e-03 
2.082000e+01  0.000000e+00 0.000000e+00  6.448100e-02  1.897000e-03 1.897000e-03 
2.246000e+01  0.000000e+00 0.000000e+00  6.444200e-02  1.943300e-03 1.943300e-03 
2.424000e+01  0.000000e+00 0.000000e+00  6.094300e-02  1.897100e-03 1.897100e-03 
2.614000e+01  0.000000e+00 0.000000e+00  5.990800e-02  1.932500e-03 1.932500e-03 
2.816000e+01  0.000000e+00 0.000000e+00  5.833600e-02  1.945200e-03 1.945200e-03 
3.033000e+01  0.000000e+00 0.000000e+00  5.796600e-02  1.997100e-03 1.997100e-03 
3.268000e+01  0.000000e+00 0.000000e+00  5.419800e-02  1.963400e-03 1.963400e-03 
3.520000e+01  0.000000e+00 0.000000e+00  5.525300e-02  2.062500e-03 2.062500e-03 
3.790000e+01  0.000000e+00 0.000000e+00  5.050800e-02  2.003800e-03 2.003800e-03 
4.079000e+01  0.000000e+00 0.000000e+00  5.219200e-02  2.133300e-03 2.133300e-03 
4.392000e+01  0.000000e+00 0.000000e+00  5.280400e-02  2.220900e-03 2.220900e-03 
4.729000e+01  0.000000e+00 0.000000e+00  5.030200e-02  2.245800e-03 2.245800e-03 
5.103000e+01  0.000000e+00 0.000000e+00  4.691600e-02  2.193400e-03 2.193400e-03 
5.503000e+01  0.000000e+00 0.000000e+00  4.686300e-02  2.355900e-03 2.355900e-03 
5.928000e+01  0.000000e+00 0.000000e+00  4.415300e-02  2.327700e-03 2.327700e-03 
6.402000e+01  0.000000e+00 0.000000e+00  3.936500e-02  2.269700e-03 2.269700e-03 
6.950000e+01  0.000000e+00 0.000000e+00  4.355800e-02  2.447800e-03 2.447800e-03 
7.575000e+01  0.000000e+00 0.000000e+00  3.863400e-02  2.429800e-03 2.429800e-03 
8.273000e+01  0.000000e+00 0.000000e+00  4.153800e-02  2.625800e-03 2.625800e-03 
9.072000e+01  0.000000e+00 0.000000e+00  3.437900e-02  2.465600e-03 2.465600e-03 
9.970000e+01  0.000000e+00 0.000000e+00  3.350000e-02  2.597200e-03 2.597200e-03 
1.099000e+02  0.000000e+00 0.000000e+00  3.849000e-02  2.926400e-03 2.926400e-03 
1.219000e+02  0.000000e+00 0.000000e+00  3.543200e-02  2.918300e-03 2.918300e-03 
1.363000e+02  0.000000e+00 0.000000e+00  3.428100e-02  2.957700e-03 2.957700e-03 
1.540000e+02  0.000000e+00 0.000000e+00  3.113300e-02  3.000200e-03 3.000200e-03 
1.759000e+02  0.000000e+00 0.000000e+00  2.774600e-02  2.951500e-03 2.951500e-03 
2.035000e+02  0.000000e+00 0.000000e+00  3.349900e-02  3.624100e-03 3.624100e-03 
2.396000e+02  0.000000e+00 0.000000e+00  2.518900e-02  3.229800e-03 3.229800e-03 
2.934000e+02  0.000000e+00 0.000000e+00  2.709500e-02  3.561100e-03 3.561100e-03 
3.801000e+02  0.000000e+00 0.000000e+00  2.543400e-02  3.948400e-03 3.948400e-03 
5.338000e+02  0.000000e+00 0.000000e+00  2.072700e-02  4.156200e-03 4.156200e-03 
1.035000e+03  0.000000e+00 0.000000e+00  1.183800e-02  6.223000e-03 6.223000e-03 
