# Data from SSDC cosmic rays database www.ssdc.asi.it 
# File generated today 20190225 
# Errors may contain statistic and systematic depending on the options set when drawing the graph 
# Fluxes are multiplied by a power of Energy (or Rigidity) if the option is set when drawing the graph 
# Horizontal errors usually are not uncertanties of the measurement but correspond to binning. See publication. 
#
# GraphTitle: Be/O AMS-02 PRL (2018); 2011-05-19 00:00:00.0,2016-05-26 00:00:00.0; 
# XLabel: rigidity (GV) 
# YLabel: fluxratio 
#
# Columns: X, XErrorLow, XErrorHigh, Y, YErrorLow, YErrorHigh 
2.275000e+00  0.000000e+00 0.000000e+00  9.694000e-02  2.667635e-03 2.667635e-03 
2.535000e+00  0.000000e+00 0.000000e+00  9.790000e-02  2.492504e-03 2.492504e-03 
2.820000e+00  0.000000e+00 0.000000e+00  1.017000e-01  2.450401e-03 2.450401e-03 
3.130000e+00  0.000000e+00 0.000000e+00  1.059000e-01  2.480833e-03 2.480833e-03 
3.465000e+00  0.000000e+00 0.000000e+00  1.071000e-01  2.471154e-03 2.471154e-03 
3.830000e+00  0.000000e+00 0.000000e+00  1.090000e-01  2.490090e-03 2.490090e-03 
4.225000e+00  0.000000e+00 0.000000e+00  1.094000e-01  2.482056e-03 2.482056e-03 
4.655000e+00  0.000000e+00 0.000000e+00  1.098000e-01  2.475320e-03 2.475320e-03 
5.125000e+00  0.000000e+00 0.000000e+00  1.106000e-01  2.479869e-03 2.479869e-03 
5.635000e+00  0.000000e+00 0.000000e+00  1.092000e-01  2.445710e-03 2.445710e-03 
6.185000e+00  0.000000e+00 0.000000e+00  1.086000e-01  2.434326e-03 2.434326e-03 
6.780000e+00  0.000000e+00 0.000000e+00  1.075000e-01  2.410536e-03 2.410536e-03 
7.425000e+00  0.000000e+00 0.000000e+00  1.060000e-01  2.380415e-03 2.380415e-03 
8.120000e+00  0.000000e+00 0.000000e+00  1.024000e-01  2.305598e-03 2.305598e-03 
8.870000e+00  0.000000e+00 0.000000e+00  1.016000e-01  2.294414e-03 2.294414e-03 
9.680000e+00  0.000000e+00 0.000000e+00  1.001000e-01  2.272092e-03 2.272092e-03 
1.055000e+01  0.000000e+00 0.000000e+00  9.799000e-02  2.237986e-03 2.237986e-03 
1.150000e+01  0.000000e+00 0.000000e+00  9.429000e-02  2.167564e-03 2.167564e-03 
1.250000e+01  0.000000e+00 0.000000e+00  9.399000e-02  2.181972e-03 2.181972e-03 
1.355000e+01  0.000000e+00 0.000000e+00  9.119000e-02  2.133078e-03 2.133078e-03 
1.470000e+01  0.000000e+00 0.000000e+00  8.931000e-02  2.107271e-03 2.107271e-03 
1.595000e+01  0.000000e+00 0.000000e+00  8.669000e-02  2.064436e-03 2.064436e-03 
1.730000e+01  0.000000e+00 0.000000e+00  8.613000e-02  2.069338e-03 2.069338e-03 
1.875000e+01  0.000000e+00 0.000000e+00  8.235000e-02  2.001100e-03 2.001100e-03 
2.030000e+01  0.000000e+00 0.000000e+00  8.114000e-02  1.990148e-03 1.990148e-03 
2.195000e+01  0.000000e+00 0.000000e+00  7.981000e-02  1.975198e-03 1.975198e-03 
2.375000e+01  0.000000e+00 0.000000e+00  7.624000e-02  1.901541e-03 1.901541e-03 
2.570000e+01  0.000000e+00 0.000000e+00  7.329000e-02  1.853331e-03 1.853331e-03 
2.775000e+01  0.000000e+00 0.000000e+00  7.189000e-02  1.842087e-03 1.842087e-03 
2.995000e+01  0.000000e+00 0.000000e+00  7.040000e-02  1.825830e-03 1.825830e-03 
3.230000e+01  0.000000e+00 0.000000e+00  6.944000e-02  1.833181e-03 1.833181e-03 
3.480000e+01  0.000000e+00 0.000000e+00  6.665000e-02  1.794522e-03 1.794522e-03 
3.750000e+01  0.000000e+00 0.000000e+00  6.531000e-02  1.795471e-03 1.795471e-03 
4.040000e+01  0.000000e+00 0.000000e+00  6.393000e-02  1.802317e-03 1.802317e-03 
4.350000e+01  0.000000e+00 0.000000e+00  6.032000e-02  1.754650e-03 1.754650e-03 
4.680000e+01  0.000000e+00 0.000000e+00  5.999000e-02  1.792613e-03 1.792613e-03 
5.035000e+01  0.000000e+00 0.000000e+00  5.706000e-02  1.757604e-03 1.757604e-03 
5.415000e+01  0.000000e+00 0.000000e+00  5.539000e-02  1.769558e-03 1.769558e-03 
5.820000e+01  0.000000e+00 0.000000e+00  5.461000e-02  1.805065e-03 1.805065e-03 
6.255000e+01  0.000000e+00 0.000000e+00  5.366000e-02  1.835164e-03 1.835164e-03 
6.725000e+01  0.000000e+00 0.000000e+00  4.955000e-02  1.776759e-03 1.776759e-03 
7.230000e+01  0.000000e+00 0.000000e+00  5.135000e-02  1.904946e-03 1.904946e-03 
7.770000e+01  0.000000e+00 0.000000e+00  4.677000e-02  1.835268e-03 1.835268e-03 
8.350000e+01  0.000000e+00 0.000000e+00  4.742000e-02  1.925100e-03 1.925100e-03 
8.975000e+01  0.000000e+00 0.000000e+00  4.904000e-02  2.055217e-03 2.055217e-03 
9.650000e+01  0.000000e+00 0.000000e+00  4.631000e-02  2.057346e-03 2.057346e-03 
1.040000e+02  0.000000e+00 0.000000e+00  4.326000e-02  2.008600e-03 2.008600e-03 
1.120000e+02  0.000000e+00 0.000000e+00  4.224000e-02  2.111614e-03 2.111614e-03 
1.205000e+02  0.000000e+00 0.000000e+00  4.057000e-02  2.124873e-03 2.124873e-03 
1.300000e+02  0.000000e+00 0.000000e+00  3.540000e-02  2.018563e-03 2.018563e-03 
1.410000e+02  0.000000e+00 0.000000e+00  3.868000e-02  2.164623e-03 2.164623e-03 
1.535000e+02  0.000000e+00 0.000000e+00  3.454000e-02  2.156065e-03 2.156065e-03 
1.675000e+02  0.000000e+00 0.000000e+00  3.715000e-02  2.342959e-03 2.342959e-03 
1.835000e+02  0.000000e+00 0.000000e+00  3.059000e-02  2.174759e-03 2.174759e-03 
2.015000e+02  0.000000e+00 0.000000e+00  2.859000e-02  2.200238e-03 2.200238e-03 
2.220000e+02  0.000000e+00 0.000000e+00  3.444000e-02  2.620706e-03 2.620706e-03 
2.460000e+02  0.000000e+00 0.000000e+00  3.204000e-02  2.638932e-03 2.638932e-03 
2.750000e+02  0.000000e+00 0.000000e+00  3.149000e-02  2.721329e-03 2.721329e-03 
3.105000e+02  0.000000e+00 0.000000e+00  2.805000e-02  2.703294e-03 2.703294e-03 
3.545000e+02  0.000000e+00 0.000000e+00  2.516000e-02  2.673958e-03 2.673958e-03 
4.100000e+02  0.000000e+00 0.000000e+00  2.911000e-02  3.162036e-03 3.162036e-03 
4.830000e+02  0.000000e+00 0.000000e+00  2.342000e-02  3.004685e-03 3.004685e-03 
5.925000e+02  0.000000e+00 0.000000e+00  2.580000e-02  3.402040e-03 3.402040e-03 
7.700000e+02  0.000000e+00 0.000000e+00  2.306000e-02  3.583618e-03 3.583618e-03 
1.090000e+03  0.000000e+00 0.000000e+00  1.853000e-02  3.703014e-03 3.703014e-03 
2.300000e+03  0.000000e+00 0.000000e+00  1.042000e-02  5.469049e-03 5.469049e-03 
