# Data from SSDC cosmic rays database www.ssdc.asi.it 
# File generated today 20190225 
# Errors may contain statistic and systematic depending on the options set when drawing the graph 
# Fluxes are multiplied by a power of Energy (or Rigidity) if the option is set when drawing the graph 
# Horizontal errors usually are not uncertanties of the measurement but correspond to binning. See publication. 
#
# GraphTitle: Li/C AMS-02 PRL (2018); 2011-05-19 00:00:00.0,2016-05-26 00:00:00.0; 
# XLabel: kinetic energy (GeV/n) 
# YLabel: fluxratio 
#
# Columns: X, XErrorLow, XErrorHigh, Y, YErrorLow, YErrorHigh 
4.444000e-01  0.000000e+00 0.000000e+00  1.896400e-01  6.142000e-03 6.142000e-03 
5.347000e-01  0.000000e+00 0.000000e+00  1.910600e-01  5.383100e-03 5.383100e-03 
6.370000e-01  0.000000e+00 0.000000e+00  1.937100e-01  5.184700e-03 5.184700e-03 
7.534000e-01  0.000000e+00 0.000000e+00  1.989300e-01  5.115600e-03 5.115600e-03 
8.844000e-01  0.000000e+00 0.000000e+00  2.046200e-01  5.094900e-03 5.094900e-03 
1.030000e+00  0.000000e+00 0.000000e+00  2.074800e-01  5.036300e-03 5.036300e-03 
1.192000e+00  0.000000e+00 0.000000e+00  2.108200e-01  5.015500e-03 5.015500e-03 
1.371000e+00  0.000000e+00 0.000000e+00  2.102700e-01  4.921200e-03 4.921200e-03 
1.568000e+00  0.000000e+00 0.000000e+00  2.083000e-01  4.812500e-03 4.812500e-03 
1.787000e+00  0.000000e+00 0.000000e+00  2.050800e-01  4.693000e-03 4.693000e-03 
2.028000e+00  0.000000e+00 0.000000e+00  2.032400e-01  4.621300e-03 4.621300e-03 
2.290000e+00  0.000000e+00 0.000000e+00  2.004900e-01  4.537200e-03 4.537200e-03 
2.575000e+00  0.000000e+00 0.000000e+00  1.963800e-01  4.430300e-03 4.430300e-03 
2.887000e+00  0.000000e+00 0.000000e+00  1.933100e-01  4.354400e-03 4.354400e-03 
3.224000e+00  0.000000e+00 0.000000e+00  1.896200e-01  4.270200e-03 4.270200e-03 
3.590000e+00  0.000000e+00 0.000000e+00  1.861800e-01  4.198900e-03 4.198900e-03 
3.987000e+00  0.000000e+00 0.000000e+00  1.832100e-01  4.141000e-03 4.141000e-03 
4.414000e+00  0.000000e+00 0.000000e+00  1.785900e-01  4.048200e-03 4.048200e-03 
4.882000e+00  0.000000e+00 0.000000e+00  1.768600e-01  4.015600e-03 4.015600e-03 
5.376000e+00  0.000000e+00 0.000000e+00  1.713700e-01  3.912500e-03 3.912500e-03 
5.895000e+00  0.000000e+00 0.000000e+00  1.690600e-01  3.868500e-03 3.868500e-03 
6.465000e+00  0.000000e+00 0.000000e+00  1.652800e-01  3.797000e-03 3.797000e-03 
7.085000e+00  0.000000e+00 0.000000e+00  1.589900e-01  3.669200e-03 3.669200e-03 
7.755000e+00  0.000000e+00 0.000000e+00  1.558300e-01  3.612800e-03 3.612800e-03 
8.476000e+00  0.000000e+00 0.000000e+00  1.508400e-01  3.514700e-03 3.514700e-03 
9.247000e+00  0.000000e+00 0.000000e+00  1.466700e-01  3.430700e-03 3.430700e-03 
1.007000e+01  0.000000e+00 0.000000e+00  1.432600e-01  3.367000e-03 3.367000e-03 
1.096000e+01  0.000000e+00 0.000000e+00  1.385600e-01  3.271100e-03 3.271100e-03 
1.194000e+01  0.000000e+00 0.000000e+00  1.351700e-01  3.213200e-03 3.213200e-03 
1.296000e+01  0.000000e+00 0.000000e+00  1.329700e-01  3.185900e-03 3.185900e-03 
1.405000e+01  0.000000e+00 0.000000e+00  1.280200e-01  3.096800e-03 3.096800e-03 
1.523000e+01  0.000000e+00 0.000000e+00  1.237600e-01  3.034200e-03 3.034200e-03 
1.647000e+01  0.000000e+00 0.000000e+00  1.195300e-01  2.968300e-03 2.968300e-03 
1.782000e+01  0.000000e+00 0.000000e+00  1.170300e-01  2.947500e-03 2.947500e-03 
1.927000e+01  0.000000e+00 0.000000e+00  1.132600e-01  2.901800e-03 2.901800e-03 
2.082000e+01  0.000000e+00 0.000000e+00  1.116800e-01  2.915200e-03 2.915200e-03 
2.246000e+01  0.000000e+00 0.000000e+00  1.064400e-01  2.848900e-03 2.848900e-03 
2.424000e+01  0.000000e+00 0.000000e+00  1.006700e-01  2.751800e-03 2.751800e-03 
2.614000e+01  0.000000e+00 0.000000e+00  1.003900e-01  2.813600e-03 2.813600e-03 
2.816000e+01  0.000000e+00 0.000000e+00  9.859100e-02  2.827400e-03 2.827400e-03 
3.033000e+01  0.000000e+00 0.000000e+00  9.299000e-02  2.759900e-03 2.759900e-03 
3.268000e+01  0.000000e+00 0.000000e+00  9.234000e-02  2.813700e-03 2.813700e-03 
3.520000e+01  0.000000e+00 0.000000e+00  8.730900e-02  2.772800e-03 2.772800e-03 
3.790000e+01  0.000000e+00 0.000000e+00  8.626500e-02  2.822300e-03 2.822300e-03 
4.079000e+01  0.000000e+00 0.000000e+00  8.487100e-02  2.884200e-03 2.884200e-03 
4.392000e+01  0.000000e+00 0.000000e+00  7.883000e-02  2.807700e-03 2.807700e-03 
4.729000e+01  0.000000e+00 0.000000e+00  7.859700e-02  2.912600e-03 2.912600e-03 
5.103000e+01  0.000000e+00 0.000000e+00  7.299100e-02  2.814700e-03 2.814700e-03 
5.503000e+01  0.000000e+00 0.000000e+00  6.951100e-02  2.908100e-03 2.908100e-03 
5.928000e+01  0.000000e+00 0.000000e+00  6.959000e-02  2.977800e-03 2.977800e-03 
6.402000e+01  0.000000e+00 0.000000e+00  7.213100e-02  3.179400e-03 3.179400e-03 
6.950000e+01  0.000000e+00 0.000000e+00  7.151800e-02  3.207700e-03 3.207700e-03 
7.575000e+01  0.000000e+00 0.000000e+00  6.950200e-02  3.343200e-03 3.343200e-03 
8.273000e+01  0.000000e+00 0.000000e+00  6.701900e-02  3.378700e-03 3.378700e-03 
9.072000e+01  0.000000e+00 0.000000e+00  6.165100e-02  3.347200e-03 3.347200e-03 
9.970000e+01  0.000000e+00 0.000000e+00  6.011100e-02  3.515400e-03 3.515400e-03 
1.099000e+02  0.000000e+00 0.000000e+00  6.413000e-02  3.810600e-03 3.810600e-03 
1.219000e+02  0.000000e+00 0.000000e+00  5.489000e-02  3.611300e-03 3.611300e-03 
1.363000e+02  0.000000e+00 0.000000e+00  5.297700e-02  3.647500e-03 3.647500e-03 
1.540000e+02  0.000000e+00 0.000000e+00  5.841300e-02  4.145300e-03 4.145300e-03 
1.759000e+02  0.000000e+00 0.000000e+00  5.047800e-02  3.971400e-03 3.971400e-03 
2.035000e+02  0.000000e+00 0.000000e+00  5.363100e-02  4.532800e-03 4.532800e-03 
2.396000e+02  0.000000e+00 0.000000e+00  4.545200e-02  4.291000e-03 4.291000e-03 
2.934000e+02  0.000000e+00 0.000000e+00  4.328100e-02  4.371700e-03 4.371700e-03 
3.801000e+02  0.000000e+00 0.000000e+00  4.303900e-02  4.939400e-03 4.939400e-03 
5.338000e+02  0.000000e+00 0.000000e+00  4.317700e-02  5.771800e-03 5.771800e-03 
1.035000e+03  0.000000e+00 0.000000e+00  3.547500e-02  1.034300e-02 1.034300e-02 
