# Data from SSDC cosmic rays database www.ssdc.asi.it 
# File generated today 20190225 
# Errors may contain statistic and systematic depending on the options set when drawing the graph 
# Fluxes are multiplied by a power of Energy (or Rigidity) if the option is set when drawing the graph 
# Horizontal errors usually are not uncertanties of the measurement but correspond to binning. See publication. 
#
# GraphTitle: Li/O AMS-02 PRL (2018); 2011-05-19 00:00:00.0,2016-05-26 00:00:00.0; 
# XLabel: kinetic energy (GeV/n) 
# YLabel: fluxratio 
#
# Columns: X, XErrorLow, XErrorHigh, Y, YErrorLow, YErrorHigh 
4.444000e-01  0.000000e+00 0.000000e+00  1.870900e-01  6.528100e-03 6.528100e-03 
5.347000e-01  0.000000e+00 0.000000e+00  1.990700e-01  6.055700e-03 6.055700e-03 
6.370000e-01  0.000000e+00 0.000000e+00  2.082400e-01  5.881200e-03 5.881200e-03 
7.534000e-01  0.000000e+00 0.000000e+00  2.141200e-01  5.693900e-03 5.693900e-03 
8.844000e-01  0.000000e+00 0.000000e+00  2.161800e-01  5.479600e-03 5.479600e-03 
1.030000e+00  0.000000e+00 0.000000e+00  2.176400e-01  5.320200e-03 5.320200e-03 
1.192000e+00  0.000000e+00 0.000000e+00  2.194000e-01  5.219700e-03 5.219700e-03 
1.371000e+00  0.000000e+00 0.000000e+00  2.203000e-01  5.137100e-03 5.137100e-03 
1.568000e+00  0.000000e+00 0.000000e+00  2.186200e-01  5.024100e-03 5.024100e-03 
1.787000e+00  0.000000e+00 0.000000e+00  2.165700e-01  4.930900e-03 4.930900e-03 
2.028000e+00  0.000000e+00 0.000000e+00  2.145200e-01  4.860100e-03 4.860100e-03 
2.290000e+00  0.000000e+00 0.000000e+00  2.119100e-01  4.789400e-03 4.789400e-03 
2.575000e+00  0.000000e+00 0.000000e+00  2.079900e-01  4.698800e-03 4.698800e-03 
2.887000e+00  0.000000e+00 0.000000e+00  2.042500e-01  4.622000e-03 4.622000e-03 
3.224000e+00  0.000000e+00 0.000000e+00  1.996600e-01  4.534100e-03 4.534100e-03 
3.590000e+00  0.000000e+00 0.000000e+00  1.945500e-01  4.434000e-03 4.434000e-03 
3.987000e+00  0.000000e+00 0.000000e+00  1.900700e-01  4.350700e-03 4.350700e-03 
4.414000e+00  0.000000e+00 0.000000e+00  1.843400e-01  4.240500e-03 4.240500e-03 
4.882000e+00  0.000000e+00 0.000000e+00  1.806500e-01  4.169800e-03 4.169800e-03 
5.376000e+00  0.000000e+00 0.000000e+00  1.736100e-01  4.035400e-03 4.035400e-03 
5.895000e+00  0.000000e+00 0.000000e+00  1.701600e-01  3.969000e-03 3.969000e-03 
6.465000e+00  0.000000e+00 0.000000e+00  1.662800e-01  3.898200e-03 3.898200e-03 
7.085000e+00  0.000000e+00 0.000000e+00  1.584100e-01  3.734100e-03 3.734100e-03 
7.755000e+00  0.000000e+00 0.000000e+00  1.541200e-01  3.652100e-03 3.652100e-03 
8.476000e+00  0.000000e+00 0.000000e+00  1.483600e-01  3.535500e-03 3.535500e-03 
9.247000e+00  0.000000e+00 0.000000e+00  1.443800e-01  3.456100e-03 3.456100e-03 
1.007000e+01  0.000000e+00 0.000000e+00  1.403400e-01  3.377400e-03 3.377400e-03 
1.096000e+01  0.000000e+00 0.000000e+00  1.343200e-01  3.248100e-03 3.248100e-03 
1.194000e+01  0.000000e+00 0.000000e+00  1.305300e-01  3.179700e-03 3.179700e-03 
1.296000e+01  0.000000e+00 0.000000e+00  1.279600e-01  3.143300e-03 3.143300e-03 
1.405000e+01  0.000000e+00 0.000000e+00  1.220500e-01  3.028300e-03 3.028300e-03 
1.523000e+01  0.000000e+00 0.000000e+00  1.173200e-01  2.952000e-03 2.952000e-03 
1.647000e+01  0.000000e+00 0.000000e+00  1.131400e-01  2.885900e-03 2.885900e-03 
1.782000e+01  0.000000e+00 0.000000e+00  1.105800e-01  2.863200e-03 2.863200e-03 
1.927000e+01  0.000000e+00 0.000000e+00  1.078800e-01  2.843800e-03 2.843800e-03 
2.082000e+01  0.000000e+00 0.000000e+00  1.044700e-01  2.808500e-03 2.808500e-03 
2.246000e+01  0.000000e+00 0.000000e+00  9.908200e-02  2.732700e-03 2.732700e-03 
2.424000e+01  0.000000e+00 0.000000e+00  9.426400e-02  2.658000e-03 2.658000e-03 
2.614000e+01  0.000000e+00 0.000000e+00  9.282000e-02  2.685800e-03 2.685800e-03 
2.816000e+01  0.000000e+00 0.000000e+00  9.229100e-02  2.736400e-03 2.736400e-03 
3.033000e+01  0.000000e+00 0.000000e+00  8.609000e-02  2.642100e-03 2.642100e-03 
3.268000e+01  0.000000e+00 0.000000e+00  8.442200e-02  2.662400e-03 2.662400e-03 
3.520000e+01  0.000000e+00 0.000000e+00  8.114500e-02  2.667700e-03 2.667700e-03 
3.790000e+01  0.000000e+00 0.000000e+00  7.988600e-02  2.707800e-03 2.707800e-03 
4.079000e+01  0.000000e+00 0.000000e+00  7.710800e-02  2.714900e-03 2.714900e-03 
4.392000e+01  0.000000e+00 0.000000e+00  7.320600e-02  2.701700e-03 2.701700e-03 
4.729000e+01  0.000000e+00 0.000000e+00  7.235600e-02  2.777900e-03 2.777900e-03 
5.103000e+01  0.000000e+00 0.000000e+00  6.731000e-02  2.689700e-03 2.689700e-03 
5.503000e+01  0.000000e+00 0.000000e+00  6.264800e-02  2.707400e-03 2.707400e-03 
5.928000e+01  0.000000e+00 0.000000e+00  6.394900e-02  2.830900e-03 2.830900e-03 
6.402000e+01  0.000000e+00 0.000000e+00  6.487400e-02  2.958500e-03 2.958500e-03 
6.950000e+01  0.000000e+00 0.000000e+00  6.351100e-02  2.950700e-03 2.950700e-03 
7.575000e+01  0.000000e+00 0.000000e+00  6.214000e-02  3.091300e-03 3.091300e-03 
8.273000e+01  0.000000e+00 0.000000e+00  5.994200e-02  3.124100e-03 3.124100e-03 
9.072000e+01  0.000000e+00 0.000000e+00  5.484900e-02  3.071900e-03 3.071900e-03 
9.970000e+01  0.000000e+00 0.000000e+00  5.130600e-02  3.086200e-03 3.086200e-03 
1.099000e+02  0.000000e+00 0.000000e+00  5.738900e-02  3.516200e-03 3.516200e-03 
1.219000e+02  0.000000e+00 0.000000e+00  4.963000e-02  3.356000e-03 3.356000e-03 
1.363000e+02  0.000000e+00 0.000000e+00  4.866700e-02  3.444300e-03 3.444300e-03 
1.540000e+02  0.000000e+00 0.000000e+00  5.263600e-02  3.840500e-03 3.840500e-03 
1.759000e+02  0.000000e+00 0.000000e+00  4.577500e-02  3.692000e-03 3.692000e-03 
2.035000e+02  0.000000e+00 0.000000e+00  4.660300e-02  4.029400e-03 4.029400e-03 
2.396000e+02  0.000000e+00 0.000000e+00  4.225500e-02  4.076200e-03 4.076200e-03 
2.934000e+02  0.000000e+00 0.000000e+00  4.121900e-02  4.253900e-03 4.253900e-03 
3.801000e+02  0.000000e+00 0.000000e+00  3.901500e-02  4.559400e-03 4.559400e-03 
5.338000e+02  0.000000e+00 0.000000e+00  3.859000e-02  5.235500e-03 5.235500e-03 
1.035000e+03  0.000000e+00 0.000000e+00  3.122000e-02  9.161900e-03 9.161900e-03 
