# Data from SSDC cosmic rays database www.ssdc.asi.it 
# File generated today 20200226 
# Errors may contain statistic and systematic depending on the options set when drawing the graph 
# Fluxes are multiplied by a power of Energy (or Rigidity) if the option is set when drawing the graph 
# Horizontal errors usually are not uncertanties of the measurement but correspond to binning. See publication. 
#
# GraphTitle: pbar/p AMS-02 PRL (2016); 2011-05-19,2015-05-26; 
# XLabel: rigidity (GV) 
# YLabel: fluxratio 
#
# Columns: X, XErrorLow, XErrorHigh, Y, YErrorLow, YErrorHigh 
1.080000e+00  0.000000e+00 0.000000e+00  1.020000e-05  2.435159e-06 2.435159e-06 
1.245000e+00  0.000000e+00 0.000000e+00  8.930000e-06  1.274245e-06 1.274245e-06 
1.420000e+00  0.000000e+00 0.000000e+00  1.590000e-05  1.421267e-06 1.421267e-06 
1.610000e+00  0.000000e+00 0.000000e+00  1.830000e-05  1.272792e-06 1.272792e-06 
1.815000e+00  0.000000e+00 0.000000e+00  2.330000e-05  1.562050e-06 1.562050e-06 
2.035000e+00  0.000000e+00 0.000000e+00  2.900000e-05  1.720465e-06 1.720465e-06 
2.275000e+00  0.000000e+00 0.000000e+00  3.500000e-05  2.024846e-06 2.024846e-06 
2.535000e+00  0.000000e+00 0.000000e+00  4.360000e-05  2.282542e-06 2.282542e-06 
2.820000e+00  0.000000e+00 0.000000e+00  5.050000e-05  2.594224e-06 2.594224e-06 
3.130000e+00  0.000000e+00 0.000000e+00  6.070000e-05  2.996665e-06 2.996665e-06 
3.465000e+00  0.000000e+00 0.000000e+00  7.050000e-05  3.310589e-06 3.310589e-06 
3.830000e+00  0.000000e+00 0.000000e+00  7.960000e-05  3.534119e-06 3.534119e-06 
4.225000e+00  0.000000e+00 0.000000e+00  9.310000e-05  4.254409e-06 4.254409e-06 
4.655000e+00  0.000000e+00 0.000000e+00  1.030000e-04  4.472136e-06 4.472136e-06 
5.125000e+00  0.000000e+00 0.000000e+00  1.070000e-04  4.472136e-06 4.472136e-06 
5.635000e+00  0.000000e+00 0.000000e+00  1.190000e-04  5.385165e-06 5.385165e-06 
6.185000e+00  0.000000e+00 0.000000e+00  1.270000e-04  5.385165e-06 5.385165e-06 
6.780000e+00  0.000000e+00 0.000000e+00  1.380000e-04  5.385165e-06 5.385165e-06 
7.425000e+00  0.000000e+00 0.000000e+00  1.490000e-04  5.385165e-06 5.385165e-06 
8.120000e+00  0.000000e+00 0.000000e+00  1.590000e-04  6.324555e-06 6.324555e-06 
8.870000e+00  0.000000e+00 0.000000e+00  1.640000e-04  6.324555e-06 6.324555e-06 
9.680000e+00  0.000000e+00 0.000000e+00  1.740000e-04  6.082763e-06 6.082763e-06 
1.055000e+01  0.000000e+00 0.000000e+00  1.830000e-04  7.071068e-06 7.071068e-06 
1.150000e+01  0.000000e+00 0.000000e+00  1.860000e-04  7.071068e-06 7.071068e-06 
1.250000e+01  0.000000e+00 0.000000e+00  1.890000e-04  7.280110e-06 7.280110e-06 
1.355000e+01  0.000000e+00 0.000000e+00  1.960000e-04  7.280110e-06 7.280110e-06 
1.470000e+01  0.000000e+00 0.000000e+00  2.020000e-04  7.280110e-06 7.280110e-06 
1.595000e+01  0.000000e+00 0.000000e+00  2.020000e-04  7.280110e-06 7.280110e-06 
1.730000e+01  0.000000e+00 0.000000e+00  2.000000e-04  7.280110e-06 7.280110e-06 
1.875000e+01  0.000000e+00 0.000000e+00  1.990000e-04  6.324555e-06 6.324555e-06 
2.030000e+01  0.000000e+00 0.000000e+00  1.990000e-04  6.324555e-06 6.324555e-06 
2.195000e+01  0.000000e+00 0.000000e+00  2.020000e-04  6.324555e-06 6.324555e-06 
2.375000e+01  0.000000e+00 0.000000e+00  1.990000e-04  6.324555e-06 6.324555e-06 
2.570000e+01  0.000000e+00 0.000000e+00  2.020000e-04  5.385165e-06 5.385165e-06 
2.775000e+01  0.000000e+00 0.000000e+00  2.020000e-04  5.385165e-06 5.385165e-06 
2.995000e+01  0.000000e+00 0.000000e+00  2.020000e-04  5.385165e-06 5.385165e-06 
3.230000e+01  0.000000e+00 0.000000e+00  1.920000e-04  4.472136e-06 4.472136e-06 
3.480000e+01  0.000000e+00 0.000000e+00  2.000000e-04  5.830952e-06 5.830952e-06 
3.750000e+01  0.000000e+00 0.000000e+00  1.980000e-04  5.830952e-06 5.830952e-06 
4.040000e+01  0.000000e+00 0.000000e+00  1.920000e-04  6.403124e-06 6.403124e-06 
4.350000e+01  0.000000e+00 0.000000e+00  1.880000e-04  6.403124e-06 6.403124e-06 
4.680000e+01  0.000000e+00 0.000000e+00  1.860000e-04  7.071068e-06 7.071068e-06 
5.035000e+01  0.000000e+00 0.000000e+00  1.910000e-04  7.071068e-06 7.071068e-06 
5.415000e+01  0.000000e+00 0.000000e+00  1.910000e-04  7.810250e-06 7.810250e-06 
5.820000e+01  0.000000e+00 0.000000e+00  1.940000e-04  7.810250e-06 7.810250e-06 
6.255000e+01  0.000000e+00 0.000000e+00  1.840000e-04  8.485281e-06 8.485281e-06 
6.725000e+01  0.000000e+00 0.000000e+00  1.770000e-04  9.219544e-06 9.219544e-06 
7.230000e+01  0.000000e+00 0.000000e+00  1.840000e-04  1.000000e-05 1.000000e-05 
7.770000e+01  0.000000e+00 0.000000e+00  1.940000e-04  1.063015e-05 1.063015e-05 
8.675000e+01  0.000000e+00 0.000000e+00  1.800000e-04  9.219544e-06 9.219544e-06 
1.005000e+02  0.000000e+00 0.000000e+00  1.750000e-04  1.063015e-05 1.063015e-05 
1.165000e+02  0.000000e+00 0.000000e+00  1.720000e-04  1.280625e-05 1.280625e-05 
1.360000e+02  0.000000e+00 0.000000e+00  1.770000e-04  1.442221e-05 1.442221e-05 
1.610000e+02  0.000000e+00 0.000000e+00  1.740000e-04  1.972308e-05 1.972308e-05 
1.930000e+02  0.000000e+00 0.000000e+00  1.860000e-04  3.001666e-05 3.001666e-05 
2.350000e+02  0.000000e+00 0.000000e+00  2.200000e-04  4.049691e-05 4.049691e-05 
3.545000e+02  0.000000e+00 0.000000e+00  1.430000e-04  3.894868e-05 3.894868e-05 
