# Data from SSDC cosmic rays database www.ssdc.asi.it 
# File generated today 20210419 
# Errors may contain statistic and systematic depending on the options set when drawing the graph 
# Fluxes are multiplied by a power of Energy (or Rigidity) if the option is set when drawing the graph 
# Horizontal errors usually are not uncertanties of the measurement but correspond to binning. See publication. 
#
# GraphTitle: pbar AMS-02 Physics Reports (2021); 2011-05-19 00:00:00.0,2018-05-28 00:00:00.0; 
# XLabel: rigidity (GV) 
# YLabel: flux ((m^{2} s sr GV)^{-1}) 
#
# Columns: X, XErrorLow, XErrorHigh, Y, YErrorLow, YErrorHigh 
1.080000e+00  0.000000e+00 0.000000e+00  6.410000e-03  1.023426e-03 1.023426e-03 
1.245000e+00  0.000000e+00 0.000000e+00  7.780000e-03  8.841380e-04 8.841380e-04 
1.420000e+00  0.000000e+00 0.000000e+00  9.290000e-03  8.700000e-04 8.700000e-04 
1.610000e+00  0.000000e+00 0.000000e+00  1.110000e-02  8.062258e-04 8.062258e-04 
1.815000e+00  0.000000e+00 0.000000e+00  1.250000e-02  8.062258e-04 8.062258e-04 
2.035000e+00  0.000000e+00 0.000000e+00  1.360000e-02  8.062258e-04 8.062258e-04 
2.275000e+00  0.000000e+00 0.000000e+00  1.520000e-02  8.944272e-04 8.944272e-04 
2.535000e+00  0.000000e+00 0.000000e+00  1.600000e-02  8.544004e-04 8.544004e-04 
2.820000e+00  0.000000e+00 0.000000e+00  1.590000e-02  8.544004e-04 8.544004e-04 
3.130000e+00  0.000000e+00 0.000000e+00  1.670000e-02  8.544004e-04 8.544004e-04 
3.465000e+00  0.000000e+00 0.000000e+00  1.580000e-02  8.544004e-04 8.544004e-04 
3.830000e+00  0.000000e+00 0.000000e+00  1.480000e-02  7.615773e-04 7.615773e-04 
4.225000e+00  0.000000e+00 0.000000e+00  1.520000e-02  7.615773e-04 7.615773e-04 
4.655000e+00  0.000000e+00 0.000000e+00  1.380000e-02  6.324555e-04 6.324555e-04 
5.125000e+00  0.000000e+00 0.000000e+00  1.220000e-02  5.385165e-04 5.385165e-04 
5.635000e+00  0.000000e+00 0.000000e+00  1.110000e-02  5.099020e-04 5.099020e-04 
6.185000e+00  0.000000e+00 0.000000e+00  9.570000e-03  4.220190e-04 4.220190e-04 
6.780000e+00  0.000000e+00 0.000000e+00  8.520000e-03  3.687818e-04 3.687818e-04 
7.425000e+00  0.000000e+00 0.000000e+00  7.480000e-03  3.178050e-04 3.178050e-04 
8.120000e+00  0.000000e+00 0.000000e+00  6.180000e-03  2.570992e-04 2.570992e-04 
8.870000e+00  0.000000e+00 0.000000e+00  5.230000e-03  2.158703e-04 2.158703e-04 
9.680000e+00  0.000000e+00 0.000000e+00  4.470000e-03  1.711724e-04 1.711724e-04 
1.055000e+01  0.000000e+00 0.000000e+00  3.790000e-03  1.414214e-04 1.414214e-04 
1.150000e+01  0.000000e+00 0.000000e+00  3.040000e-03  1.118034e-04 1.118034e-04 
1.250000e+01  0.000000e+00 0.000000e+00  2.570000e-03  9.219544e-05 9.219544e-05 
1.355000e+01  0.000000e+00 0.000000e+00  2.150000e-03  8.062258e-05 8.062258e-05 
1.470000e+01  0.000000e+00 0.000000e+00  1.740000e-03  6.082763e-05 6.082763e-05 
1.595000e+01  0.000000e+00 0.000000e+00  1.420000e-03  5.099020e-05 5.099020e-05 
1.730000e+01  0.000000e+00 0.000000e+00  1.160000e-03  4.123106e-05 4.123106e-05 
1.875000e+01  0.000000e+00 0.000000e+00  9.520000e-04  3.275668e-05 3.275668e-05 
2.030000e+01  0.000000e+00 0.000000e+00  7.710000e-04  2.570992e-05 2.570992e-05 
2.195000e+01  0.000000e+00 0.000000e+00  6.330000e-04  2.061553e-05 2.061553e-05 
2.375000e+01  0.000000e+00 0.000000e+00  5.090000e-04  1.552417e-05 1.552417e-05 
2.570000e+01  0.000000e+00 0.000000e+00  4.030000e-04  1.140175e-05 1.140175e-05 
2.775000e+01  0.000000e+00 0.000000e+00  3.300000e-04  9.486833e-06 9.486833e-06 
2.995000e+01  0.000000e+00 0.000000e+00  2.710000e-04  7.280110e-06 7.280110e-06 
3.230000e+01  0.000000e+00 0.000000e+00  2.160000e-04  6.324555e-06 6.324555e-06 
3.480000e+01  0.000000e+00 0.000000e+00  1.810000e-04  5.385165e-06 5.385165e-06 
3.750000e+01  0.000000e+00 0.000000e+00  1.430000e-04  4.472136e-06 4.472136e-06 
4.040000e+01  0.000000e+00 0.000000e+00  1.100000e-04  3.605551e-06 3.605551e-06 
4.350000e+01  0.000000e+00 0.000000e+00  8.800000e-05  2.884441e-06 2.884441e-06 
4.680000e+01  0.000000e+00 0.000000e+00  7.190000e-05  2.441311e-06 2.441311e-06 
5.035000e+01  0.000000e+00 0.000000e+00  5.940000e-05  2.061553e-06 2.061553e-06 
5.415000e+01  0.000000e+00 0.000000e+00  4.970000e-05  1.780449e-06 1.780449e-06 
5.820000e+01  0.000000e+00 0.000000e+00  3.830000e-05  1.486607e-06 1.486607e-06 
6.255000e+01  0.000000e+00 0.000000e+00  3.160000e-05  1.204159e-06 1.204159e-06 
6.725000e+01  0.000000e+00 0.000000e+00  2.390000e-05  9.899495e-07 9.899495e-07 
7.230000e+01  0.000000e+00 0.000000e+00  2.090000e-05  9.219544e-07 9.219544e-07 
7.770000e+01  0.000000e+00 0.000000e+00  1.700000e-05  7.810250e-07 7.810250e-07 
8.675000e+01  0.000000e+00 0.000000e+00  1.270000e-05  5.656854e-07 5.656854e-07 
1.005000e+02  0.000000e+00 0.000000e+00  7.770000e-06  3.894868e-07 3.894868e-07 
1.165000e+02  0.000000e+00 0.000000e+00  4.940000e-06  2.969848e-07 2.969848e-07 
1.360000e+02  0.000000e+00 0.000000e+00  3.410000e-06  2.334524e-07 2.334524e-07 
1.610000e+02  0.000000e+00 0.000000e+00  2.340000e-06  1.838478e-07 1.838478e-07 
1.930000e+02  0.000000e+00 0.000000e+00  1.120000e-06  1.500000e-07 1.500000e-07 
2.305000e+02  0.000000e+00 0.000000e+00  8.210000e-07  1.270630e-07 1.270630e-07 
2.900000e+02  0.000000e+00 0.000000e+00  4.370000e-07  8.902247e-08 8.902247e-08 
4.275000e+02  0.000000e+00 0.000000e+00  1.330000e-07  5.307542e-08 5.307542e-08 
