# Data from SSDC cosmic rays database www.ssdc.asi.it 
# File generated today 20210419 
# Errors may contain statistic and systematic depending on the options set when drawing the graph 
# Fluxes are multiplied by a power of Energy (or Rigidity) if the option is set when drawing the graph 
# Horizontal errors usually are not uncertanties of the measurement but correspond to binning. See publication. 
#
# GraphTitle: pbar/p AMS-02 Physics Reports (2021); 2011-05-19 00:00:00.0,2018-05-28 00:00:00.0; 
# XLabel: rigidity (GV) 
# YLabel: fluxratio 
#
# Columns: X, XErrorLow, XErrorHigh, Y, YErrorLow, YErrorHigh 
1.080000e+00  0.000000e+00 0.000000e+00  7.780000e-06  1.195701e-06 1.195701e-06 
1.245000e+00  0.000000e+00 0.000000e+00  9.700000e-06  1.018283e-06 1.018283e-06 
1.420000e+00  0.000000e+00 0.000000e+00  1.230000e-05  1.063015e-06 1.063015e-06 
1.610000e+00  0.000000e+00 0.000000e+00  1.610000e-05  1.000000e-06 1.000000e-06 
1.815000e+00  0.000000e+00 0.000000e+00  1.990000e-05  1.166190e-06 1.166190e-06 
2.035000e+00  0.000000e+00 0.000000e+00  2.450000e-05  1.389244e-06 1.389244e-06 
2.275000e+00  0.000000e+00 0.000000e+00  3.130000e-05  1.700000e-06 1.700000e-06 
2.535000e+00  0.000000e+00 0.000000e+00  3.800000e-05  2.061553e-06 2.061553e-06 
2.820000e+00  0.000000e+00 0.000000e+00  4.440000e-05  2.247221e-06 2.247221e-06 
3.130000e+00  0.000000e+00 0.000000e+00  5.500000e-05  2.751363e-06 2.751363e-06 
3.465000e+00  0.000000e+00 0.000000e+00  6.200000e-05  3.067572e-06 3.067572e-06 
3.830000e+00  0.000000e+00 0.000000e+00  6.990000e-05  3.361547e-06 3.361547e-06 
4.225000e+00  0.000000e+00 0.000000e+00  8.640000e-05  4.085340e-06 4.085340e-06 
4.655000e+00  0.000000e+00 0.000000e+00  9.520000e-05  4.332436e-06 4.332436e-06 
5.125000e+00  0.000000e+00 0.000000e+00  1.030000e-04  4.123106e-06 4.123106e-06 
5.635000e+00  0.000000e+00 0.000000e+00  1.150000e-04  5.099020e-06 5.099020e-06 
6.185000e+00  0.000000e+00 0.000000e+00  1.230000e-04  5.099020e-06 5.099020e-06 
6.780000e+00  0.000000e+00 0.000000e+00  1.350000e-04  5.099020e-06 5.099020e-06 
7.425000e+00  0.000000e+00 0.000000e+00  1.460000e-04  6.082763e-06 6.082763e-06 
8.120000e+00  0.000000e+00 0.000000e+00  1.500000e-04  6.082763e-06 6.082763e-06 
8.870000e+00  0.000000e+00 0.000000e+00  1.580000e-04  6.082763e-06 6.082763e-06 
9.680000e+00  0.000000e+00 0.000000e+00  1.670000e-04  6.082763e-06 6.082763e-06 
1.055000e+01  0.000000e+00 0.000000e+00  1.770000e-04  6.082763e-06 6.082763e-06 
1.150000e+01  0.000000e+00 0.000000e+00  1.760000e-04  6.082763e-06 6.082763e-06 
1.250000e+01  0.000000e+00 0.000000e+00  1.850000e-04  7.071068e-06 7.071068e-06 
1.355000e+01  0.000000e+00 0.000000e+00  1.910000e-04  7.071068e-06 7.071068e-06 
1.470000e+01  0.000000e+00 0.000000e+00  1.910000e-04  7.071068e-06 7.071068e-06 
1.595000e+01  0.000000e+00 0.000000e+00  1.930000e-04  6.082763e-06 6.082763e-06 
1.730000e+01  0.000000e+00 0.000000e+00  1.960000e-04  6.082763e-06 6.082763e-06 
1.875000e+01  0.000000e+00 0.000000e+00  1.990000e-04  6.082763e-06 6.082763e-06 
2.030000e+01  0.000000e+00 0.000000e+00  1.990000e-04  6.082763e-06 6.082763e-06 
2.195000e+01  0.000000e+00 0.000000e+00  2.030000e-04  6.324555e-06 6.324555e-06 
2.375000e+01  0.000000e+00 0.000000e+00  2.020000e-04  6.324555e-06 6.324555e-06 
2.570000e+01  0.000000e+00 0.000000e+00  1.990000e-04  5.385165e-06 5.385165e-06 
2.775000e+01  0.000000e+00 0.000000e+00  2.010000e-04  5.385165e-06 5.385165e-06 
2.995000e+01  0.000000e+00 0.000000e+00  2.050000e-04  5.385165e-06 5.385165e-06 
3.230000e+01  0.000000e+00 0.000000e+00  2.010000e-04  5.385165e-06 5.385165e-06 
3.480000e+01  0.000000e+00 0.000000e+00  2.080000e-04  5.385165e-06 5.385165e-06 
3.750000e+01  0.000000e+00 0.000000e+00  2.020000e-04  5.385165e-06 5.385165e-06 
4.040000e+01  0.000000e+00 0.000000e+00  1.930000e-04  5.830952e-06 5.830952e-06 
4.350000e+01  0.000000e+00 0.000000e+00  1.900000e-04  5.830952e-06 5.830952e-06 
4.680000e+01  0.000000e+00 0.000000e+00  1.900000e-04  6.403124e-06 6.403124e-06 
5.035000e+01  0.000000e+00 0.000000e+00  1.930000e-04  6.403124e-06 6.403124e-06 
5.415000e+01  0.000000e+00 0.000000e+00  1.970000e-04  7.071068e-06 7.071068e-06 
5.820000e+01  0.000000e+00 0.000000e+00  1.860000e-04  7.071068e-06 7.071068e-06 
6.255000e+01  0.000000e+00 0.000000e+00  1.890000e-04  7.071068e-06 7.071068e-06 
6.725000e+01  0.000000e+00 0.000000e+00  1.750000e-04  7.071068e-06 7.071068e-06 
7.230000e+01  0.000000e+00 0.000000e+00  1.870000e-04  7.810250e-06 7.810250e-06 
7.770000e+01  0.000000e+00 0.000000e+00  1.870000e-04  8.485281e-06 8.485281e-06 
8.675000e+01  0.000000e+00 0.000000e+00  1.890000e-04  7.810250e-06 7.810250e-06 
1.005000e+02  0.000000e+00 0.000000e+00  1.760000e-04  8.485281e-06 8.485281e-06 
1.165000e+02  0.000000e+00 0.000000e+00  1.690000e-04  9.899495e-06 9.899495e-06 
1.360000e+02  0.000000e+00 0.000000e+00  1.790000e-04  1.204159e-05 1.204159e-05 
1.610000e+02  0.000000e+00 0.000000e+00  1.970000e-04  1.555635e-05 1.555635e-05 
1.930000e+02  0.000000e+00 0.000000e+00  1.530000e-04  2.061553e-05 2.061553e-05 
2.305000e+02  0.000000e+00 0.000000e+00  1.860000e-04  2.884441e-05 2.884441e-05 
2.900000e+02  0.000000e+00 0.000000e+00  1.810000e-04  3.701351e-05 3.701351e-05 
4.275000e+02  0.000000e+00 0.000000e+00  1.510000e-04  5.946427e-05 5.946427e-05 
