Energy [GeV/n] 	 C 		 O 		 Ne 		 Mg 		 Si 		 Fe 	     [particles/(GeV/n s m^2 sr)] 
1.000000e-02	6.056700e-01	5.911234e-01	1.026399e-01	1.338796e-01	8.998401e-02	4.700488e-02
1.200000e-02	7.171569e-01	6.998509e-01	1.215443e-01	1.585065e-01	1.065669e-01	5.569981e-02
1.440000e-02	8.468855e-01	8.263308e-01	1.435469e-01	1.871552e-01	1.258719e-01	6.583818e-02
1.728000e-02	9.993834e-01	9.749958e-01	1.693998e-01	2.208164e-01	1.485486e-01	7.758898e-02
2.073600e-02	1.175525e+00	1.146650e+00	1.992620e-01	2.596778e-01	1.747449e-01	9.110924e-02
2.488320e-02	1.377231e+00	1.343129e+00	2.334604e-01	3.041523e-01	2.047496e-01	1.065259e-01
2.985984e-02	1.605878e+00	1.565721e+00	2.722297e-01	3.545276e-01	2.387711e-01	1.239098e-01
3.583181e-02	1.861802e+00	1.814677e+00	3.156281e-01	4.108544e-01	2.768645e-01	1.432394e-01
4.299817e-02	2.143635e+00	2.088621e+00	3.634373e-01	4.728132e-01	3.188435e-01	1.645873e-01
5.159780e-02	2.447653e+00	2.383782e+00	4.150301e-01	5.395383e-01	3.641654e-01	1.882882e-01
6.191736e-02	2.766743e+00	2.693014e+00	4.692024e-01	6.093954e-01	4.117840e-01	2.134029e-01
7.430084e-02	3.089149e+00	3.004598e+00	5.239686e-01	6.797093e-01	4.599713e-01	2.391694e-01
8.916100e-02	3.429936e+00	3.333964e+00	5.817647e-01	7.538909e-01	5.108505e-01	2.644285e-01
1.069932e-01	3.765473e+00	3.657518e+00	6.385624e-01	8.265578e-01	5.609099e-01	2.879758e-01
1.283918e-01	4.059449e+00	3.938789e+00	6.881499e-01	8.894012e-01	6.047330e-01	3.117350e-01
1.540702e-01	4.276950e+00	4.143558e+00	7.246133e-01	9.345896e-01	6.371598e-01	3.305854e-01
1.848843e-01	4.491694e+00	4.347781e+00	7.606929e-01	9.794207e-01	6.691868e-01	3.424279e-01
2.218611e-01	4.591045e+00	4.437306e+00	7.767859e-01	9.977388e-01	6.837669e-01	3.522327e-01
2.662333e-01	4.591084e+00	4.430397e+00	7.760680e-01	9.939297e-01	6.835695e-01	3.505862e-01
3.194800e-01	4.517259e+00	4.351901e+00	7.626173e-01	9.736180e-01	6.720312e-01	3.457002e-01
3.833760e-01	4.314813e+00	4.150126e+00	7.276217e-01	9.252628e-01	6.415097e-01	3.280938e-01
4.600512e-01	4.039379e+00	3.877446e+00	6.800717e-01	8.610948e-01	5.997853e-01	3.100368e-01
5.520614e-01	3.696351e+00	3.542990e+00	6.215363e-01	7.832157e-01	5.483661e-01	2.823192e-01
6.624737e-01	3.255406e+00	3.115226e+00	5.463755e-01	6.843668e-01	4.823124e-01	2.501658e-01
7.949685e-01	2.839220e+00	2.714263e+00	4.758331e-01	5.929603e-01	4.205167e-01	2.194233e-01
9.539622e-01	2.407427e+00	2.302036e+00	4.033735e-01	5.000896e-01	3.571692e-01	1.865713e-01
1.144755e+00	1.974365e+00	1.890469e+00	3.311030e-01	4.083097e-01	2.940828e-01	1.543559e-01
1.373706e+00	1.571956e+00	1.508393e+00	2.642033e-01	3.239849e-01	2.357172e-01	1.247284e-01
1.648447e+00	1.232238e+00	1.186349e+00	2.080485e-01	2.536336e-01	1.865114e-01	1.007002e-01
1.978136e+00	9.530239e-01	9.222902e-01	1.618391e-01	1.963901e-01	1.460649e-01	7.976981e-02
2.373763e+00	7.183766e-01	6.993095e-01	1.228191e-01	1.482503e-01	1.116471e-01	6.193816e-02
2.848516e+00	5.288848e-01	5.182968e-01	9.115090e-02	1.093505e-01	8.344988e-02	4.721179e-02
3.418219e+00	3.813627e-01	3.762373e-01	6.625573e-02	7.897042e-02	6.109323e-02	3.539314e-02
4.101863e+00	2.699797e-01	2.678528e-01	4.721534e-02	5.589468e-02	4.384086e-02	2.608172e-02
4.922235e+00	1.875253e-01	1.871688e-01	3.302709e-02	3.880129e-02	3.086933e-02	1.887330e-02
5.906682e+00	1.278359e-01	1.286169e-01	2.270191e-02	2.648736e-02	2.140528e-02	1.348964e-02
7.088019e+00	8.566328e-02	8.691580e-02	1.532500e-02	1.778118e-02	1.458758e-02	9.477857e-03
8.505622e+00	5.629056e-02	5.752901e-02	1.009403e-02	1.170877e-02	9.677929e-03	6.433078e-03
1.020675e+01	3.642601e-02	3.755207e-02	6.547811e-03	7.614202e-03	6.331466e-03	4.297040e-03
1.224810e+01	2.332539e-02	2.425303e-02	4.204269e-03	4.902681e-03	4.099861e-03	2.838878e-03
1.469772e+01	1.480422e-02	1.552745e-02	2.674573e-03	3.130283e-03	2.631731e-03	1.859259e-03
1.763726e+01	9.337216e-03	9.867807e-03	1.689789e-03	1.985203e-03	1.676816e-03	1.208703e-03
2.116471e+01	5.846477e-03	6.230153e-03	1.059204e-03	1.248940e-03	1.060227e-03	7.795082e-04
2.539765e+01	3.644818e-03	3.910407e-03	6.597794e-04	7.812269e-04	6.658347e-04	4.993822e-04
3.047718e+01	2.262322e-03	2.443379e-03	4.090721e-04	4.860489e-04	4.160262e-04	3.183200e-04
3.657262e+01	1.399300e-03	1.520689e-03	2.528325e-04	3.012446e-04	2.588492e-04	2.020332e-04
4.388714e+01	8.626960e-04	9.432151e-04	1.554754e-04	1.859675e-04	1.604740e-04	1.277638e-04
5.266457e+01	5.304270e-04	5.833291e-04	9.548520e-05	1.144071e-04	9.913002e-05	8.050616e-05
6.319749e+01	3.254724e-04	3.596898e-04	5.841003e-05	7.014993e-05	6.103156e-05	5.055185e-05
7.583698e+01	1.993392e-04	2.214271e-04	3.564905e-05	4.295373e-05	3.749748e-05	3.167275e-05
9.100438e+01	1.221231e-04	1.361954e-04	2.175921e-05	2.626934e-05	2.300786e-05	1.981722e-05
1.092053e+02	7.479041e-05	8.374468e-05	1.326071e-05	1.605166e-05	1.410189e-05	1.238536e-05
1.310463e+02	4.586163e-05	5.153047e-05	8.090747e-06	9.803643e-06	8.641708e-06	7.739407e-06
1.572556e+02	2.818304e-05	3.176568e-05	4.940705e-06	6.000504e-06	5.302620e-06	4.840691e-06
1.887067e+02	1.737056e-05	1.963125e-05	3.025936e-06	3.680018e-06	3.259855e-06	3.031465e-06
2.264480e+02	1.073020e-05	1.215651e-05	1.856188e-06	2.260515e-06	2.007527e-06	1.900662e-06
2.717376e+02	6.638993e-06	7.537798e-06	1.140539e-06	1.390371e-06	1.237462e-06	1.192063e-06
3.260852e+02	4.054725e-06	4.614317e-06	6.917364e-07	8.445580e-07	7.534825e-07	7.394633e-07
3.913022e+02	2.562056e-06	2.918335e-06	4.335562e-07	5.292221e-07	4.730861e-07	4.707914e-07
4.695626e+02	1.590906e-06	1.815864e-06	2.671259e-07	3.265551e-07	2.924243e-07	2.956690e-07
5.634751e+02	9.864362e-07	1.127867e-06	1.644266e-07	2.012103e-07	1.804451e-07	1.854204e-07
6.761702e+02	6.115763e-07	7.002628e-07	1.011158e-07	1.238216e-07	1.112974e-07	1.162011e-07
8.114042e+02	3.790678e-07	4.346784e-07	6.218621e-08	7.620905e-08	6.862343e-08	7.279173e-08
9.736850e+02	2.348966e-07	2.697199e-07	3.820522e-08	4.688778e-08	4.229390e-08	4.557791e-08
1.168422e+03	1.455652e-07	1.674342e-07	2.349936e-08	2.884797e-08	2.607231e-08	2.854195e-08
1.402106e+03	9.023804e-08	1.038990e-07	1.443972e-08	1.774511e-08	1.606898e-08	1.787026e-08
1.682528e+03	5.590832e-08	6.446274e-08	8.877152e-09	1.091680e-08	9.900664e-09	1.118338e-08
2.019033e+03	3.463730e-08	3.999131e-08	5.453282e-09	6.710767e-09	6.098338e-09	6.996139e-09
2.422840e+03	2.145325e-08	2.480034e-08	3.349944e-09	4.124616e-09	3.755224e-09	4.375403e-09
2.907408e+03	1.328740e-08	1.538030e-08	2.057082e-09	2.535330e-09	2.311772e-09	2.735289e-09
3.488890e+03	8.225482e-09	9.534168e-09	1.263091e-09	1.557471e-09	1.422784e-09	1.709316e-09
4.186667e+03	5.093390e-09	5.910118e-09	7.753168e-10	9.567402e-10	8.754061e-10	1.067782e-09
5.024001e+03	3.153409e-09	3.662948e-09	4.758942e-10	5.875245e-10	5.384505e-10	6.667932e-10
6.028801e+03	1.951705e-09	2.269177e-09	2.920177e-10	3.607312e-10	3.311098e-10	4.162110e-10
7.234561e+03	1.207739e-09	1.405669e-09	1.791423e-10	2.214234e-10	2.035530e-10	2.597228e-10
8.681474e+03	7.473156e-10	8.705373e-10	1.099108e-10	1.358716e-10	1.250951e-10	1.619958e-10
1.041777e+04	4.624024e-10	5.390975e-10	6.739700e-11	8.334622e-11	7.687076e-11	1.010263e-10
1.250132e+04	2.862178e-10	3.340294e-10	4.135013e-11	5.118393e-11	4.726555e-11	6.304649e-11
1.500159e+04	1.771734e-10	2.069335e-10	2.537290e-11	3.141601e-11	2.905626e-11	3.933383e-11
1.800190e+04	1.096221e-10	1.281973e-10	1.556471e-11	1.928056e-11	1.786048e-11	2.453600e-11
2.160228e+04	6.785915e-11	7.940920e-11	9.547187e-12	1.183385e-11	1.097766e-11	1.530269e-11
2.592274e+04	4.198478e-11	4.918654e-11	5.855167e-12	7.262019e-12	6.746344e-12	9.542350e-12
3.110729e+04	2.598266e-11	3.046500e-11	3.592134e-12	4.456167e-12	4.145650e-12	5.949437e-12
3.732875e+04	1.607849e-11	1.886685e-11	2.203939e-12	2.733887e-12	2.547035e-12	3.708407e-12
4.479450e+04	9.948586e-12	1.168236e-11	1.352047e-12	1.676941e-12	1.564533e-12	2.310871e-12
5.375340e+04	6.155044e-12	7.232703e-12	8.293483e-13	1.028418e-12	9.608135e-13	1.439587e-12
6.450408e+04	3.807607e-12	4.477155e-12	5.086696e-13	6.305678e-13	5.899209e-13	8.965375e-13
7.740489e+04	2.355202e-12	2.770955e-12	3.119529e-13	3.865447e-13	3.621128e-13	5.581641e-13
9.288587e+04	1.456647e-12	1.714654e-12	1.912911e-13	2.368992e-13	2.222181e-13	3.473821e-13
1.114630e+05	8.983435e-13	1.057970e-12	1.169805e-13	1.447694e-13	1.359766e-13	2.155893e-13
