Energy [GeV/n] 	 11B 		 10B 		 10Be 		 9Be 		 7Be 		 7Li 		 6Li 	     [particles/(GeV/n s m^2 sr)] 
1.000000e-02	1.049133e-01	4.467105e-02	1.641060e-03	1.030607e-02	1.889969e-02	2.689501e-02	4.365434e-02
1.200000e-02	1.246039e-01	5.309524e-02	1.957329e-03	1.226198e-02	2.247891e-02	3.198955e-02	5.188868e-02
1.440000e-02	1.476919e-01	6.299086e-02	2.331890e-03	1.456507e-02	2.668912e-02	3.798433e-02	6.156116e-02
1.728000e-02	1.746380e-01	7.456583e-02	2.774419e-03	1.726699e-02	3.162156e-02	4.501163e-02	7.292799e-02
2.073600e-02	2.059114e-01	8.803667e-02	3.295783e-03	2.042297e-02	3.737198e-02	5.321211e-02	8.618063e-02
2.488320e-02	2.419628e-01	1.036189e-01	3.905265e-03	2.409024e-02	4.403653e-02	6.273036e-02	1.015411e-01
2.985984e-02	2.831845e-01	1.215124e-01	4.614954e-03	2.832543e-02	5.170535e-02	7.370804e-02	1.192211e-01
3.583181e-02	3.298530e-01	1.418807e-01	5.439204e-03	3.318096e-02	6.046220e-02	8.627389e-02	1.394011e-01
4.299817e-02	3.820921e-01	1.648190e-01	6.391368e-03	3.869985e-02	7.041167e-02	1.005300e-01	1.622019e-01
5.159780e-02	4.401243e-01	1.902904e-01	7.484693e-03	4.489121e-02	8.152775e-02	1.165341e-01	1.876476e-01
6.191736e-02	5.031352e-01	2.181557e-01	8.731783e-03	5.172393e-02	9.375552e-02	1.342335e-01	2.156183e-01
7.430084e-02	5.700442e-01	2.480480e-01	1.014403e-02	5.918070e-02	1.069445e-01	1.534457e-01	2.457912e-01
8.916100e-02	6.390697e-01	2.793296e-01	1.160899e-02	6.717011e-02	1.208137e-01	1.739894e-01	2.778550e-01
1.069932e-01	7.076873e-01	3.110590e-01	1.317980e-02	7.553979e-02	1.349107e-01	1.954642e-01	3.108850e-01
1.283918e-01	7.755533e-01	3.427304e-01	1.484778e-02	8.397545e-02	1.493377e-01	2.171120e-01	3.435013e-01
1.540702e-01	8.360099e-01	3.720413e-01	1.657958e-02	9.217625e-02	1.630658e-01	2.376851e-01	3.739361e-01
1.848843e-01	8.838787e-01	3.968925e-01	1.833873e-02	9.975253e-02	1.748485e-01	2.564419e-01	4.025006e-01
2.218611e-01	9.215444e-01	4.167252e-01	2.005060e-02	1.063457e-01	1.846733e-01	2.731514e-01	4.249820e-01
2.662333e-01	9.350522e-01	4.269666e-01	2.141843e-02	1.112804e-01	1.919323e-01	2.864460e-01	4.409763e-01
3.194800e-01	9.343598e-01	4.307300e-01	2.250755e-02	1.146700e-01	1.941691e-01	2.940413e-01	4.500096e-01
3.833760e-01	9.026721e-01	4.214814e-01	2.305561e-02	1.156341e-01	1.945852e-01	2.940537e-01	4.481204e-01
4.600512e-01	8.624961e-01	4.071362e-01	2.315753e-02	1.131307e-01	1.886611e-01	2.880822e-01	4.351028e-01
5.520614e-01	7.948436e-01	3.804550e-01	2.271560e-02	1.071770e-01	1.802894e-01	2.741135e-01	4.142803e-01
6.624737e-01	7.092030e-01	3.448391e-01	2.125728e-02	9.880217e-02	1.673231e-01	2.545504e-01	3.824769e-01
7.949685e-01	6.223875e-01	3.054335e-01	1.947847e-02	8.889030e-02	1.500613e-01	2.293888e-01	3.459292e-01
9.539622e-01	5.268172e-01	2.603518e-01	1.724927e-02	7.680883e-02	1.335956e-01	1.992233e-01	3.032442e-01
1.144755e+00	4.298933e-01	2.134312e-01	1.427111e-02	6.339742e-02	1.143422e-01	1.665002e-01	2.561327e-01
1.373706e+00	3.376984e-01	1.688699e-01	1.168764e-02	5.063324e-02	9.405466e-02	1.342859e-01	2.085162e-01
1.648447e+00	2.632537e-01	1.324152e-01	9.416099e-03	3.947448e-02	7.484120e-02	1.055477e-01	1.642432e-01
1.978136e+00	1.990815e-01	9.984444e-02	7.329317e-03	2.966118e-02	5.843568e-02	8.004744e-02	1.269984e-01
2.373763e+00	1.453173e-01	7.261499e-02	5.588905e-03	2.158816e-02	4.440515e-02	5.857429e-02	9.455710e-02
2.848516e+00	1.028009e-01	5.133519e-02	4.172759e-03	1.519944e-02	3.257919e-02	4.148667e-02	6.787677e-02
3.418219e+00	7.125351e-02	3.543032e-02	3.025325e-03	1.039539e-02	2.304408e-02	2.857202e-02	4.702011e-02
4.101863e+00	4.873632e-02	2.385656e-02	2.192384e-03	7.021926e-03	1.580656e-02	1.912315e-02	3.148110e-02
4.922235e+00	3.271109e-02	1.572333e-02	1.565026e-03	4.645075e-03	1.060284e-02	1.243889e-02	2.054528e-02
5.906682e+00	2.111988e-02	1.003378e-02	1.088054e-03	2.974927e-03	6.902475e-03	7.926754e-03	1.312663e-02
7.088019e+00	1.333925e-02	6.243400e-03	7.208640e-04	1.860477e-03	4.391610e-03	5.009145e-03	8.226283e-03
8.505622e+00	8.381516e-03	3.822132e-03	4.901895e-04	1.144811e-03	2.746416e-03	3.103052e-03	5.034549e-03
1.020675e+01	5.137246e-03	2.312311e-03	3.135328e-04	7.024148e-04	1.699060e-03	1.902859e-03	3.067513e-03
1.224810e+01	3.085160e-03	1.378553e-03	2.024234e-04	4.235796e-04	1.046799e-03	1.163886e-03	1.847033e-03
1.469772e+01	1.839955e-03	8.141524e-04	1.279147e-04	2.488870e-04	6.284615e-04	6.928767e-04	1.101688e-03
1.763726e+01	1.097677e-03	4.750385e-04	7.883389e-05	1.489865e-04	3.720875e-04	4.088616e-04	6.455404e-04
2.116471e+01	6.492061e-04	2.783203e-04	4.757194e-05	8.730958e-05	2.188096e-04	2.382536e-04	3.795342e-04
2.539765e+01	3.835531e-04	1.610029e-04	2.990270e-05	5.051445e-05	1.285498e-04	1.392164e-04	2.182721e-04
3.047718e+01	2.249984e-04	9.261619e-05	1.725393e-05	2.920158e-05	7.569001e-05	8.043309e-05	1.273790e-04
3.657262e+01	1.312567e-04	5.256899e-05	1.044221e-05	1.679866e-05	4.363985e-05	4.750253e-05	7.302941e-05
4.388714e+01	7.665452e-05	3.017107e-05	6.077613e-06	9.657934e-06	2.525201e-05	2.702777e-05	4.229776e-05
5.266457e+01	4.434118e-05	1.724596e-05	3.664186e-06	5.601981e-06	1.449176e-05	1.565629e-05	2.412925e-05
6.319749e+01	2.561200e-05	1.005799e-05	2.128362e-06	3.184942e-06	8.475350e-06	8.945713e-06	1.390997e-05
7.583698e+01	1.474717e-05	5.776081e-06	1.231575e-06	1.830528e-06	4.854057e-06	5.142544e-06	7.934199e-06
9.100438e+01	8.583351e-06	3.343697e-06	7.131128e-07	1.041671e-06	2.774660e-06	2.924904e-06	4.576386e-06
1.092053e+02	4.974865e-06	1.947493e-06	4.074576e-07	6.092388e-07	1.614705e-06	1.691381e-06	2.608166e-06
1.310463e+02	2.905940e-06	1.110439e-06	2.372572e-07	3.506902e-07	9.293212e-07	9.901866e-07	1.520347e-06
1.572556e+02	1.695223e-06	6.559923e-07	1.481969e-07	2.103720e-07	5.435067e-07	5.745877e-07	8.782374e-07
1.887067e+02	9.966074e-07	3.860960e-07	8.586126e-08	1.214318e-07	3.176587e-07	3.407381e-07	5.210214e-07
2.264480e+02	5.925934e-07	2.268419e-07	5.014105e-08	7.117634e-08	1.885063e-07	2.004865e-07	3.048479e-07
2.717376e+02	3.514219e-07	1.327259e-07	3.070935e-08	4.101176e-08	1.116042e-07	1.192799e-07	1.816558e-07
3.260852e+02	2.060696e-07	7.824458e-08	1.743449e-08	2.449433e-08	6.421750e-08	6.884121e-08	1.043245e-07
3.913022e+02	1.281921e-07	4.829472e-08	1.070277e-08	1.491894e-08	3.928040e-08	4.269956e-08	6.327405e-08
4.695626e+02	7.691641e-08	2.850835e-08	6.524735e-09	8.971490e-09	2.386468e-08	2.558820e-08	3.832600e-08
5.634751e+02	4.600578e-08	1.758991e-08	3.945437e-09	5.384217e-09	1.436434e-08	1.526574e-08	2.293366e-08
6.761702e+02	2.781162e-08	1.046382e-08	2.312559e-09	3.183893e-09	8.507845e-09	9.162509e-09	1.362117e-08
8.114042e+02	1.649426e-08	6.260207e-09	1.389840e-09	1.926797e-09	5.033176e-09	5.334090e-09	8.219830e-09
9.736850e+02	9.893130e-09	3.739049e-09	8.257759e-10	1.135448e-09	3.026692e-09	3.223964e-09	4.910953e-09
1.168422e+03	5.910850e-09	2.193784e-09	4.854619e-10	6.692226e-10	1.813717e-09	1.940549e-09	2.918489e-09
1.402106e+03	3.510208e-09	1.330381e-09	2.969342e-10	4.012564e-10	1.073467e-09	1.142636e-09	1.746175e-09
1.682528e+03	2.100124e-09	7.860039e-10	1.775727e-10	2.421095e-10	6.491673e-10	6.892511e-10	1.024145e-09
2.019033e+03	1.251531e-09	4.696715e-10	1.074045e-10	1.467855e-10	3.862633e-10	4.118330e-10	6.162635e-10
2.422840e+03	7.519249e-10	2.774417e-10	6.164079e-11	8.385737e-11	2.338548e-10	2.456484e-10	3.674255e-10
2.907408e+03	4.453802e-10	1.680889e-10	3.831476e-11	5.264803e-11	1.363021e-10	1.463644e-10	2.180169e-10
3.488890e+03	2.676352e-10	1.015549e-10	2.161850e-11	3.065468e-11	8.184326e-11	8.752376e-11	1.301183e-10
4.186667e+03	1.595124e-10	6.143751e-11	1.302770e-11	1.861287e-11	4.818558e-11	5.195559e-11	7.763216e-11
5.024001e+03	9.527686e-11	3.551947e-11	7.746055e-12	1.083147e-11	2.987598e-11	3.132106e-11	4.686968e-11
6.028801e+03	5.783190e-11	2.154541e-11	4.825523e-12	6.484937e-12	1.754880e-11	1.904569e-11	2.779378e-11
7.234561e+03	3.442114e-11	1.297019e-11	2.822970e-12	4.010601e-12	1.054645e-11	1.105942e-11	1.687543e-11
8.681474e+03	2.041170e-11	7.806458e-12	1.680294e-12	2.358779e-12	6.279792e-12	6.732768e-12	1.007816e-11
1.041777e+04	1.248594e-11	4.593816e-12	1.030262e-12	1.390652e-12	3.825435e-12	3.995134e-12	6.097541e-12
1.250132e+04	7.435807e-12	2.784639e-12	6.023915e-13	8.464839e-13	2.251048e-12	2.407607e-12	3.629087e-12
1.500159e+04	4.416848e-12	1.661608e-12	3.559615e-13	4.934602e-13	1.348357e-12	1.437625e-12	2.141740e-12
1.800190e+04	2.624648e-12	1.000173e-12	2.110951e-13	2.954932e-13	8.076265e-13	8.670730e-13	1.302092e-12
2.160228e+04	1.582362e-12	5.937105e-13	1.354115e-13	1.763417e-13	4.913097e-13	5.064729e-13	7.567461e-13
2.592274e+04	9.515685e-13	3.511722e-13	7.740897e-14	1.071476e-13	2.919602e-13	3.095437e-13	4.536447e-13
3.110729e+04	5.614970e-13	2.133280e-13	4.554830e-14	6.438648e-14	1.746774e-13	1.836961e-13	2.704173e-13
3.732875e+04	3.260052e-13	1.303519e-13	2.746143e-14	3.793168e-14	1.059786e-13	1.102296e-13	1.617611e-13
4.479450e+04	1.883902e-13	7.999064e-14	1.657316e-14	2.235894e-14	6.445505e-14	6.618363e-14	9.686793e-14
5.375340e+04	1.080867e-13	4.932816e-14	1.003553e-14	1.316345e-14	3.935304e-14	3.981120e-14	5.809932e-14
6.450408e+04	6.144245e-14	3.058661e-14	6.100729e-15	7.739933e-15	2.413382e-14	2.399960e-14	3.491202e-14
7.740489e+04	3.450724e-14	1.911814e-14	3.739118e-15	4.847426e-15	1.487538e-14	1.450578e-14	2.102588e-14
9.288587e+04	1.906692e-14	1.216858e-14	2.333577e-15	3.164539e-15	9.220522e-15	8.793808e-15	1.269583e-14
1.114630e+05	1.025380e-14	7.765429e-15	1.471727e-15	2.094184e-15	5.720387e-15	5.322957e-15	7.649978e-15
